nohup: ignoring input
initial target device:   0%|          | 0/2 [00:00<?, ?it/s]initial target device:  50%|█████     | 1/2 [00:03<00:03,  3.17s/it]initial target device: 100%|██████████| 2/2 [00:06<00:00,  3.14s/it]initial target device: 100%|██████████| 2/2 [00:06<00:00,  3.15s/it]
Chunks:   0%|          | 0/1 [00:00<?, ?it/s]You're using a BertTokenizerFast tokenizer. Please note that with a fast tokenizer, using the `__call__` method is faster than using a method to encode the text followed by a call to the `pad` method to get a padded encoding.
Chunks: 100%|██████████| 1/1 [00:01<00:00,  1.13s/it]Chunks: 100%|██████████| 1/1 [00:01<00:00,  1.13s/it]
Chunks:   0%|          | 0/2 [00:00<?, ?it/s]Chunks:  50%|█████     | 1/2 [00:00<00:00,  5.82it/s]You're using a BertTokenizerFast tokenizer. Please note that with a fast tokenizer, using the `__call__` method is faster than using a method to encode the text followed by a call to the `pad` method to get a padded encoding.
Chunks: 100%|██████████| 2/2 [00:01<00:00,  1.38it/s]Chunks: 100%|██████████| 2/2 [00:01<00:00,  1.55it/s]
[[0.6763 0.6157]]
/home/ziyueU/miniconda3/lib/python3.12/multiprocessing/resource_tracker.py:254: UserWarning: resource_tracker: There appear to be 2 leaked semaphore objects to clean up at shutdown
  warnings.warn('resource_tracker: There appear to be %d '
nohup: ignoring input
initial target device:   0%|          | 0/2 [00:00<?, ?it/s]initial target device:  50%|█████     | 1/2 [00:03<00:03,  3.14s/it]initial target device: 100%|██████████| 2/2 [00:06<00:00,  3.10s/it]initial target device: 100%|██████████| 2/2 [00:06<00:00,  3.11s/it]
Chunks:   0%|          | 0/1 [00:00<?, ?it/s]You're using a BertTokenizerFast tokenizer. Please note that with a fast tokenizer, using the `__call__` method is faster than using a method to encode the text followed by a call to the `pad` method to get a padded encoding.
Chunks: 100%|██████████| 1/1 [00:01<00:00,  1.09s/it]Chunks: 100%|██████████| 1/1 [00:01<00:00,  1.09s/it]
Chunks:   0%|          | 0/2 [00:00<?, ?it/s]Chunks:  50%|█████     | 1/2 [00:00<00:00,  5.58it/s]You're using a BertTokenizerFast tokenizer. Please note that with a fast tokenizer, using the `__call__` method is faster than using a method to encode the text followed by a call to the `pad` method to get a padded encoding.
Chunks: 100%|██████████| 2/2 [00:01<00:00,  1.52it/s]Chunks: 100%|██████████| 2/2 [00:01<00:00,  1.71it/s]
[[0.6763 0.6157]]
/home/ziyueU/miniconda3/lib/python3.12/multiprocessing/resource_tracker.py:254: UserWarning: resource_tracker: There appear to be 2 leaked semaphore objects to clean up at shutdown
  warnings.warn('resource_tracker: There appear to be %d '
nohup: ignoring input
Traceback (most recent call last):
  File "/home/ziyueU/bge/simi_rerank_bge.py", line 122, in <module>
    demo_doc_simi()
  File "/home/ziyueU/bge/simi_rerank_bge.py", line 17, in demo_doc_simi
    item_list = read_file(path_search_result_m1)
                ^^^^^^^^^^^^^^^^^^^^^^^^^^^^^^^^
  File "/home/ziyueU/bge/simi_rerank_bge.py", line 49, in read_file
    with io.open(path, 'r', encoding='utf-8') as file:
         ^^^^^^^^^^^^^^^^^^^^^^^^^^^^^^^^^^^^
FileNotFoundError: [Errno 2] No such file or directory: 'extend_search_result/medicine_1.json'
nohup: ignoring input
Traceback (most recent call last):
  File "/home/ziyueU/bge/simi_rerank_bge.py", line 122, in <module>
    demo_doc_simi()
  File "/home/ziyueU/bge/simi_rerank_bge.py", line 17, in demo_doc_simi
    item_list = read_file(path_search_result_m1)
                ^^^^^^^^^^^^^^^^^^^^^^^^^^^^^^^^
  File "/home/ziyueU/bge/simi_rerank_bge.py", line 54, in read_file
    dict_list = json.loads(total_string)
                ^^^^
NameError: name 'json' is not defined. Did you forget to import 'json'?
nohup: ignoring input
initial target device:   0%|          | 0/2 [00:00<?, ?it/s]initial target device:  50%|█████     | 1/2 [00:03<00:03,  3.08s/it]initial target device: 100%|██████████| 2/2 [00:06<00:00,  3.11s/it]initial target device: 100%|██████████| 2/2 [00:06<00:00,  3.10s/it]
Chunks:   0%|          | 0/2 [00:00<?, ?it/s]You're using a BertTokenizerFast tokenizer. Please note that with a fast tokenizer, using the `__call__` method is faster than using a method to encode the text followed by a call to the `pad` method to get a padded encoding.
You're using a BertTokenizerFast tokenizer. Please note that with a fast tokenizer, using the `__call__` method is faster than using a method to encode the text followed by a call to the `pad` method to get a padded encoding.
Chunks:  50%|█████     | 1/2 [00:04<00:04,  4.58s/it]Chunks: 100%|██████████| 2/2 [00:05<00:00,  2.69s/it]Chunks: 100%|██████████| 2/2 [00:05<00:00,  2.97s/it]
Chunks:   0%|          | 0/2 [00:00<?, ?it/s]Chunks:  50%|█████     | 1/2 [00:03<00:03,  3.20s/it]Chunks: 100%|██████████| 2/2 [00:04<00:00,  2.06s/it]Chunks: 100%|██████████| 2/2 [00:04<00:00,  2.23s/it]
[[0.9995 0.7163 0.7065 ... 0.805  0.753  0.8647]
 [0.7163 1.     0.7373 ... 0.773  0.6924 0.796 ]
 [0.7065 0.7373 1.     ... 0.6963 0.707  0.713 ]
 ...
 [0.805  0.773  0.6963 ... 1.     0.7173 0.8696]
 [0.753  0.6924 0.707  ... 0.7173 0.9995 0.741 ]
 [0.8647 0.796  0.713  ... 0.8696 0.741  0.9995]]
Chunks:   0%|          | 0/2 [00:00<?, ?it/s]Chunks:  50%|█████     | 1/2 [00:04<00:04,  4.49s/it]Chunks: 100%|██████████| 2/2 [00:04<00:00,  2.27s/it]
Chunks:   0%|          | 0/2 [00:00<?, ?it/s]Chunks:  50%|█████     | 1/2 [00:04<00:04,  4.49s/it]Chunks: 100%|██████████| 2/2 [00:04<00:00,  2.27s/it]
[[1.     0.775  0.728  ... 0.753  0.7686 0.6445]
 [0.775  1.     0.8823 ... 0.9326 0.8823 0.7305]
 [0.728  0.8823 1.     ... 0.846  0.864  0.7075]
 ...
 [0.753  0.9326 0.846  ... 0.9995 0.869  0.6895]
 [0.7686 0.8823 0.864  ... 0.869  0.999  0.688 ]
 [0.6445 0.7305 0.7075 ... 0.6895 0.688  0.9995]]
Chunks:   0%|          | 0/2 [00:00<?, ?it/s]Chunks:  50%|█████     | 1/2 [00:04<00:04,  4.10s/it]Chunks: 100%|██████████| 2/2 [00:04<00:00,  1.91s/it]Chunks: 100%|██████████| 2/2 [00:04<00:00,  2.24s/it]
Chunks:   0%|          | 0/2 [00:00<?, ?it/s]Chunks:  50%|█████     | 1/2 [00:04<00:04,  4.05s/it]Chunks: 100%|██████████| 2/2 [00:04<00:00,  1.95s/it]Chunks: 100%|██████████| 2/2 [00:04<00:00,  2.27s/it]
[[1.001  0.8555 0.73   ... 0.8467 0.7915 0.759 ]
 [0.8555 1.001  0.7964 ... 0.974  0.833  0.7305]
 [0.73   0.7964 1.     ... 0.802  0.7217 0.6807]
 ...
 [0.8467 0.974  0.802  ... 1.     0.831  0.7573]
 [0.7915 0.833  0.7217 ... 0.831  0.9995 0.7227]
 [0.759  0.7305 0.6807 ... 0.7573 0.7227 1.    ]]
Chunks:   0%|          | 0/2 [00:00<?, ?it/s]Chunks:  50%|█████     | 1/2 [00:04<00:04,  4.10s/it]Chunks: 100%|██████████| 2/2 [00:04<00:00,  1.78s/it]Chunks: 100%|██████████| 2/2 [00:04<00:00,  2.12s/it]
Chunks:   0%|          | 0/2 [00:00<?, ?it/s]Chunks:  50%|█████     | 1/2 [00:04<00:04,  4.14s/it]Chunks: 100%|██████████| 2/2 [00:04<00:00,  2.12s/it]
[[0.9995 0.758  0.7896 ... 0.784  0.743  0.586 ]
 [0.758  1.     0.835  ... 0.7354 0.771  0.687 ]
 [0.7896 0.835  0.9995 ... 0.766  0.7607 0.694 ]
 ...
 [0.784  0.7354 0.766  ... 0.999  0.7603 0.5796]
 [0.743  0.771  0.7607 ... 0.7603 1.     0.596 ]
 [0.586  0.687  0.694  ... 0.5796 0.596  0.9995]]
Chunks:   0%|          | 0/2 [00:00<?, ?it/s]Chunks:  50%|█████     | 1/2 [00:04<00:04,  4.26s/it]Chunks: 100%|██████████| 2/2 [00:04<00:00,  1.93s/it]Chunks: 100%|██████████| 2/2 [00:04<00:00,  2.28s/it]
Chunks:   0%|          | 0/2 [00:00<?, ?it/s]Chunks:  50%|█████     | 1/2 [00:04<00:04,  4.24s/it]Chunks: 100%|██████████| 2/2 [00:04<00:00,  1.95s/it]Chunks: 100%|██████████| 2/2 [00:04<00:00,  2.29s/it]
[[1.     0.6587 0.6055 ... 0.5796 0.8403 0.621 ]
 [0.6587 0.9995 0.6294 ... 0.6143 0.7188 0.6763]
 [0.6055 0.6294 0.9995 ... 0.7646 0.721  0.708 ]
 ...
 [0.5796 0.6143 0.7646 ... 1.     0.667  0.667 ]
 [0.8403 0.7188 0.721  ... 0.667  0.9995 0.7583]
 [0.621  0.6763 0.708  ... 0.667  0.7583 0.9995]]
Chunks:   0%|          | 0/2 [00:00<?, ?it/s]Chunks:  50%|█████     | 1/2 [00:03<00:03,  3.38s/it]Chunks: 100%|██████████| 2/2 [00:04<00:00,  2.10s/it]Chunks: 100%|██████████| 2/2 [00:04<00:00,  2.29s/it]
Chunks:   0%|          | 0/2 [00:00<?, ?it/s]Chunks:  50%|█████     | 1/2 [00:03<00:03,  3.38s/it]Chunks: 100%|██████████| 2/2 [00:04<00:00,  2.09s/it]Chunks: 100%|██████████| 2/2 [00:04<00:00,  2.29s/it]
[[0.9995 0.8325 0.856  ... 0.746  0.636  0.835 ]
 [0.8325 1.     0.837  ... 0.791  0.706  0.842 ]
 [0.856  0.837  0.9995 ... 0.79   0.709  0.8325]
 ...
 [0.746  0.791  0.79   ... 1.001  0.666  0.8315]
 [0.636  0.706  0.709  ... 0.666  0.9995 0.6924]
 [0.835  0.842  0.8325 ... 0.8315 0.6924 0.9995]]
Chunks:   0%|          | 0/2 [00:00<?, ?it/s]Chunks:  50%|█████     | 1/2 [00:03<00:03,  3.46s/it]Chunks: 100%|██████████| 2/2 [00:04<00:00,  2.04s/it]Chunks: 100%|██████████| 2/2 [00:04<00:00,  2.25s/it]
Chunks:   0%|          | 0/2 [00:00<?, ?it/s]Chunks:  50%|█████     | 1/2 [00:03<00:03,  3.41s/it]Chunks: 100%|██████████| 2/2 [00:04<00:00,  2.11s/it]Chunks: 100%|██████████| 2/2 [00:04<00:00,  2.30s/it]
[[1.     0.6606 0.9297 ... 0.741  0.89   0.87  ]
 [0.6606 0.9995 0.66   ... 0.692  0.664  0.668 ]
 [0.9297 0.66   1.     ... 0.7524 0.8765 0.8457]
 ...
 [0.741  0.692  0.7524 ... 1.001  0.777  0.8276]
 [0.89   0.664  0.8765 ... 0.777  1.     0.848 ]
 [0.87   0.668  0.8457 ... 0.8276 0.848  1.    ]]
Chunks:   0%|          | 0/2 [00:00<?, ?it/s]Chunks:  50%|█████     | 1/2 [00:04<00:04,  4.53s/it]Chunks: 100%|██████████| 2/2 [00:04<00:00,  2.29s/it]
Chunks:   0%|          | 0/2 [00:00<?, ?it/s]Chunks:  50%|█████     | 1/2 [00:04<00:04,  4.52s/it]Chunks: 100%|██████████| 2/2 [00:04<00:00,  2.30s/it]
[[1.     0.773  0.7793 ... 0.7114 0.7114 0.839 ]
 [0.773  1.     0.7773 ... 0.6846 0.644  0.807 ]
 [0.7793 0.7773 1.     ... 0.8843 0.718  0.7783]
 ...
 [0.7114 0.6846 0.8843 ... 1.     0.757  0.7007]
 [0.7114 0.644  0.718  ... 0.757  1.     0.673 ]
 [0.839  0.807  0.7783 ... 0.7007 0.673  0.9995]]
Chunks:   0%|          | 0/2 [00:00<?, ?it/s]Chunks:  50%|█████     | 1/2 [00:04<00:04,  4.23s/it]Chunks: 100%|██████████| 2/2 [00:04<00:00,  1.92s/it]Chunks: 100%|██████████| 2/2 [00:04<00:00,  2.26s/it]
Chunks:   0%|          | 0/2 [00:00<?, ?it/s]Chunks:  50%|█████     | 1/2 [00:04<00:04,  4.21s/it]Chunks: 100%|██████████| 2/2 [00:04<00:00,  1.97s/it]Chunks: 100%|██████████| 2/2 [00:04<00:00,  2.30s/it]
[[1.     0.7144 0.851  ... 0.727  0.863  0.724 ]
 [0.7144 1.     0.771  ... 0.7866 0.807  0.6885]
 [0.851  0.771  0.9995 ... 0.7114 0.977  0.6826]
 ...
 [0.727  0.7866 0.7114 ... 1.001  0.7354 0.772 ]
 [0.863  0.807  0.977  ... 0.7354 1.     0.7026]
 [0.724  0.6885 0.6826 ... 0.772  0.7026 0.9995]]
Chunks:   0%|          | 0/2 [00:00<?, ?it/s]Chunks:  50%|█████     | 1/2 [00:03<00:03,  3.40s/it]Chunks: 100%|██████████| 2/2 [00:04<00:00,  2.10s/it]Chunks: 100%|██████████| 2/2 [00:04<00:00,  2.30s/it]
Chunks:   0%|          | 0/2 [00:00<?, ?it/s]Chunks:  50%|█████     | 1/2 [00:03<00:03,  3.42s/it]Chunks: 100%|██████████| 2/2 [00:04<00:00,  2.11s/it]Chunks: 100%|██████████| 2/2 [00:04<00:00,  2.31s/it]
[[1.     0.7036 0.7446 ... 0.7524 0.6714 0.6562]
 [0.7036 0.9995 0.7783 ... 0.8716 0.706  0.7227]
 [0.7446 0.7783 0.9995 ... 0.8394 0.738  0.7437]
 ...
 [0.7524 0.8716 0.8394 ... 1.001  0.749  0.784 ]
 [0.6714 0.706  0.738  ... 0.749  0.9995 0.7363]
 [0.6562 0.7227 0.7437 ... 0.784  0.7363 1.    ]]
/home/ziyueU/miniconda3/lib/python3.12/multiprocessing/resource_tracker.py:254: UserWarning: resource_tracker: There appear to be 2 leaked semaphore objects to clean up at shutdown
  warnings.warn('resource_tracker: There appear to be %d '
nohup: ignoring input
initial target device:   0%|          | 0/2 [00:00<?, ?it/s]initial target device:  50%|█████     | 1/2 [00:03<00:03,  3.13s/it]initial target device: 100%|██████████| 2/2 [00:06<00:00,  3.09s/it]initial target device: 100%|██████████| 2/2 [00:06<00:00,  3.09s/it]
Chunks:   0%|          | 0/2 [00:00<?, ?it/s]You're using a BertTokenizerFast tokenizer. Please note that with a fast tokenizer, using the `__call__` method is faster than using a method to encode the text followed by a call to the `pad` method to get a padded encoding.
You're using a BertTokenizerFast tokenizer. Please note that with a fast tokenizer, using the `__call__` method is faster than using a method to encode the text followed by a call to the `pad` method to get a padded encoding.
Chunks:  50%|█████     | 1/2 [00:04<00:04,  4.53s/it]Chunks: 100%|██████████| 2/2 [00:05<00:00,  2.62s/it]Chunks: 100%|██████████| 2/2 [00:05<00:00,  2.91s/it]
Chunks:   0%|          | 0/2 [00:00<?, ?it/s]Chunks:  50%|█████     | 1/2 [00:03<00:03,  3.20s/it]Chunks: 100%|██████████| 2/2 [00:04<00:00,  2.07s/it]Chunks: 100%|██████████| 2/2 [00:04<00:00,  2.24s/it]
[[0.9995 0.7163 0.7065 ... 0.805  0.753  0.8647]
 [0.7163 1.     0.7373 ... 0.773  0.6924 0.796 ]
 [0.7065 0.7373 1.     ... 0.6963 0.707  0.713 ]
 ...
 [0.805  0.773  0.6963 ... 1.     0.7173 0.8696]
 [0.753  0.6924 0.707  ... 0.7173 0.9995 0.741 ]
 [0.8647 0.796  0.713  ... 0.8696 0.741  0.9995]]
Chunks:   0%|          | 0/2 [00:00<?, ?it/s]Chunks:  50%|█████     | 1/2 [00:04<00:04,  4.48s/it]Chunks: 100%|██████████| 2/2 [00:04<00:00,  2.27s/it]
Chunks:   0%|          | 0/2 [00:00<?, ?it/s]Chunks:  50%|█████     | 1/2 [00:04<00:04,  4.49s/it]Chunks: 100%|██████████| 2/2 [00:04<00:00,  2.26s/it]
[[1.     0.775  0.728  ... 0.753  0.7686 0.6445]
 [0.775  1.     0.8823 ... 0.9326 0.8823 0.7305]
 [0.728  0.8823 1.     ... 0.846  0.864  0.7075]
 ...
 [0.753  0.9326 0.846  ... 0.9995 0.869  0.6895]
 [0.7686 0.8823 0.864  ... 0.869  0.999  0.688 ]
 [0.6445 0.7305 0.7075 ... 0.6895 0.688  0.9995]]
Chunks:   0%|          | 0/2 [00:00<?, ?it/s]Chunks:  50%|█████     | 1/2 [00:04<00:04,  4.11s/it]Chunks: 100%|██████████| 2/2 [00:04<00:00,  1.91s/it]Chunks: 100%|██████████| 2/2 [00:04<00:00,  2.24s/it]
Chunks:   0%|          | 0/2 [00:00<?, ?it/s]Chunks:  50%|█████     | 1/2 [00:04<00:04,  4.05s/it]Chunks: 100%|██████████| 2/2 [00:04<00:00,  1.97s/it]Chunks: 100%|██████████| 2/2 [00:04<00:00,  2.28s/it]
[[1.001  0.8555 0.73   ... 0.8467 0.7915 0.759 ]
 [0.8555 1.001  0.7964 ... 0.974  0.833  0.7305]
 [0.73   0.7964 1.     ... 0.802  0.7217 0.6807]
 ...
 [0.8467 0.974  0.802  ... 1.     0.831  0.7573]
 [0.7915 0.833  0.7217 ... 0.831  0.9995 0.7227]
 [0.759  0.7305 0.6807 ... 0.7573 0.7227 1.    ]]
Chunks:   0%|          | 0/2 [00:00<?, ?it/s]Chunks:  50%|█████     | 1/2 [00:04<00:04,  4.12s/it]Chunks: 100%|██████████| 2/2 [00:04<00:00,  1.77s/it]Chunks: 100%|██████████| 2/2 [00:04<00:00,  2.12s/it]
Chunks:   0%|          | 0/2 [00:00<?, ?it/s]Chunks:  50%|█████     | 1/2 [00:04<00:04,  4.13s/it]Chunks: 100%|██████████| 2/2 [00:04<00:00,  2.11s/it]
[[0.9995 0.758  0.7896 ... 0.784  0.743  0.586 ]
 [0.758  1.     0.835  ... 0.7354 0.771  0.687 ]
 [0.7896 0.835  0.9995 ... 0.766  0.7607 0.694 ]
 ...
 [0.784  0.7354 0.766  ... 0.999  0.7603 0.5796]
 [0.743  0.771  0.7607 ... 0.7603 1.     0.596 ]
 [0.586  0.687  0.694  ... 0.5796 0.596  0.9995]]
Chunks:   0%|          | 0/2 [00:00<?, ?it/s]Chunks:  50%|█████     | 1/2 [00:04<00:04,  4.22s/it]Chunks: 100%|██████████| 2/2 [00:04<00:00,  1.94s/it]Chunks: 100%|██████████| 2/2 [00:04<00:00,  2.28s/it]
Chunks:   0%|          | 0/2 [00:00<?, ?it/s]Chunks:  50%|█████     | 1/2 [00:04<00:04,  4.26s/it]Chunks: 100%|██████████| 2/2 [00:04<00:00,  1.94s/it]Chunks: 100%|██████████| 2/2 [00:04<00:00,  2.28s/it]
[[1.     0.6587 0.6055 ... 0.5796 0.8403 0.621 ]
 [0.6587 0.9995 0.6294 ... 0.6143 0.7188 0.6763]
 [0.6055 0.6294 0.9995 ... 0.7646 0.721  0.708 ]
 ...
 [0.5796 0.6143 0.7646 ... 1.     0.667  0.667 ]
 [0.8403 0.7188 0.721  ... 0.667  0.9995 0.7583]
 [0.621  0.6763 0.708  ... 0.667  0.7583 0.9995]]
Chunks:   0%|          | 0/2 [00:00<?, ?it/s]Chunks:  50%|█████     | 1/2 [00:03<00:03,  3.37s/it]Chunks: 100%|██████████| 2/2 [00:04<00:00,  2.08s/it]Chunks: 100%|██████████| 2/2 [00:04<00:00,  2.28s/it]
Chunks:   0%|          | 0/2 [00:00<?, ?it/s]Chunks:  50%|█████     | 1/2 [00:03<00:03,  3.38s/it]Chunks: 100%|██████████| 2/2 [00:04<00:00,  2.09s/it]Chunks: 100%|██████████| 2/2 [00:04<00:00,  2.29s/it]
[[0.9995 0.8325 0.856  ... 0.746  0.636  0.835 ]
 [0.8325 1.     0.837  ... 0.791  0.706  0.842 ]
 [0.856  0.837  0.9995 ... 0.79   0.709  0.8325]
 ...
 [0.746  0.791  0.79   ... 1.001  0.666  0.8315]
 [0.636  0.706  0.709  ... 0.666  0.9995 0.6924]
 [0.835  0.842  0.8325 ... 0.8315 0.6924 0.9995]]
Chunks:   0%|          | 0/2 [00:00<?, ?it/s]Chunks:  50%|█████     | 1/2 [00:03<00:03,  3.46s/it]Chunks: 100%|██████████| 2/2 [00:04<00:00,  2.04s/it]Chunks: 100%|██████████| 2/2 [00:04<00:00,  2.25s/it]
Chunks:   0%|          | 0/2 [00:00<?, ?it/s]Chunks:  50%|█████     | 1/2 [00:03<00:03,  3.41s/it]Chunks: 100%|██████████| 2/2 [00:04<00:00,  2.08s/it]Chunks: 100%|██████████| 2/2 [00:04<00:00,  2.28s/it]
[[1.     0.6606 0.9297 ... 0.741  0.89   0.87  ]
 [0.6606 0.9995 0.66   ... 0.692  0.664  0.668 ]
 [0.9297 0.66   1.     ... 0.7524 0.8765 0.8457]
 ...
 [0.741  0.692  0.7524 ... 1.001  0.777  0.8276]
 [0.89   0.664  0.8765 ... 0.777  1.     0.848 ]
 [0.87   0.668  0.8457 ... 0.8276 0.848  1.    ]]
Chunks:   0%|          | 0/2 [00:00<?, ?it/s]Chunks:  50%|█████     | 1/2 [00:04<00:04,  4.53s/it]Chunks: 100%|██████████| 2/2 [00:04<00:00,  2.30s/it]
Chunks:   0%|          | 0/2 [00:00<?, ?it/s]Chunks:  50%|█████     | 1/2 [00:04<00:04,  4.53s/it]Chunks: 100%|██████████| 2/2 [00:04<00:00,  2.28s/it]
[[1.     0.773  0.7793 ... 0.7114 0.7114 0.839 ]
 [0.773  1.     0.7773 ... 0.6846 0.644  0.807 ]
 [0.7793 0.7773 1.     ... 0.8843 0.718  0.7783]
 ...
 [0.7114 0.6846 0.8843 ... 1.     0.757  0.7007]
 [0.7114 0.644  0.718  ... 0.757  1.     0.673 ]
 [0.839  0.807  0.7783 ... 0.7007 0.673  0.9995]]
Chunks:   0%|          | 0/2 [00:00<?, ?it/s]Chunks:  50%|█████     | 1/2 [00:04<00:04,  4.22s/it]Chunks: 100%|██████████| 2/2 [00:04<00:00,  1.91s/it]Chunks: 100%|██████████| 2/2 [00:04<00:00,  2.26s/it]
Chunks:   0%|          | 0/2 [00:00<?, ?it/s]Chunks:  50%|█████     | 1/2 [00:04<00:04,  4.19s/it]Chunks: 100%|██████████| 2/2 [00:04<00:00,  1.96s/it]Chunks: 100%|██████████| 2/2 [00:04<00:00,  2.30s/it]
[[1.     0.7144 0.851  ... 0.727  0.863  0.724 ]
 [0.7144 1.     0.771  ... 0.7866 0.807  0.6885]
 [0.851  0.771  0.9995 ... 0.7114 0.977  0.6826]
 ...
 [0.727  0.7866 0.7114 ... 1.001  0.7354 0.772 ]
 [0.863  0.807  0.977  ... 0.7354 1.     0.7026]
 [0.724  0.6885 0.6826 ... 0.772  0.7026 0.9995]]
Chunks:   0%|          | 0/2 [00:00<?, ?it/s]Chunks:  50%|█████     | 1/2 [00:03<00:03,  3.40s/it]Chunks: 100%|██████████| 2/2 [00:04<00:00,  2.10s/it]Chunks: 100%|██████████| 2/2 [00:04<00:00,  2.30s/it]
Chunks:   0%|          | 0/2 [00:00<?, ?it/s]Chunks:  50%|█████     | 1/2 [00:03<00:03,  3.42s/it]Chunks: 100%|██████████| 2/2 [00:04<00:00,  2.11s/it]Chunks: 100%|██████████| 2/2 [00:04<00:00,  2.30s/it]
[[1.     0.7036 0.7446 ... 0.7524 0.6714 0.6562]
 [0.7036 0.9995 0.7783 ... 0.8716 0.706  0.7227]
 [0.7446 0.7783 0.9995 ... 0.8394 0.738  0.7437]
 ...
 [0.7524 0.8716 0.8394 ... 1.001  0.749  0.784 ]
 [0.6714 0.706  0.738  ... 0.749  0.9995 0.7363]
 [0.6562 0.7227 0.7437 ... 0.784  0.7363 1.    ]]
/home/ziyueU/miniconda3/lib/python3.12/multiprocessing/resource_tracker.py:254: UserWarning: resource_tracker: There appear to be 2 leaked semaphore objects to clean up at shutdown
  warnings.warn('resource_tracker: There appear to be %d '
nohup: ignoring input
initial target device:   0%|          | 0/2 [00:00<?, ?it/s]initial target device:  50%|█████     | 1/2 [00:03<00:03,  3.15s/it]initial target device: 100%|██████████| 2/2 [00:06<00:00,  3.12s/it]initial target device: 100%|██████████| 2/2 [00:06<00:00,  3.12s/it]
Chunks:   0%|          | 0/2 [00:00<?, ?it/s]You're using a BertTokenizerFast tokenizer. Please note that with a fast tokenizer, using the `__call__` method is faster than using a method to encode the text followed by a call to the `pad` method to get a padded encoding.
You're using a BertTokenizerFast tokenizer. Please note that with a fast tokenizer, using the `__call__` method is faster than using a method to encode the text followed by a call to the `pad` method to get a padded encoding.
Chunks:  50%|█████     | 1/2 [00:04<00:04,  4.56s/it]Chunks: 100%|██████████| 2/2 [00:05<00:00,  2.65s/it]Chunks: 100%|██████████| 2/2 [00:05<00:00,  2.94s/it]
Chunks:   0%|          | 0/2 [00:00<?, ?it/s]Chunks:  50%|█████     | 1/2 [00:03<00:03,  3.20s/it]Chunks: 100%|██████████| 2/2 [00:04<00:00,  2.08s/it]Chunks: 100%|██████████| 2/2 [00:04<00:00,  2.25s/it]
[[0.9995 0.7163 0.7065 ... 0.805  0.753  0.8647]
 [0.7163 1.     0.7373 ... 0.773  0.6924 0.796 ]
 [0.7065 0.7373 1.     ... 0.6963 0.707  0.713 ]
 ...
 [0.805  0.773  0.6963 ... 1.     0.7173 0.8696]
 [0.753  0.6924 0.707  ... 0.7173 0.9995 0.741 ]
 [0.8647 0.796  0.713  ... 0.8696 0.741  0.9995]]
Chunks:   0%|          | 0/2 [00:00<?, ?it/s]Chunks:  50%|█████     | 1/2 [00:04<00:04,  4.51s/it]Chunks: 100%|██████████| 2/2 [00:04<00:00,  2.27s/it]
Chunks:   0%|          | 0/2 [00:00<?, ?it/s]Chunks:  50%|█████     | 1/2 [00:04<00:04,  4.49s/it]Chunks: 100%|██████████| 2/2 [00:04<00:00,  2.27s/it]
[[1.     0.775  0.728  ... 0.753  0.7686 0.6445]
 [0.775  1.     0.8823 ... 0.9326 0.8823 0.7305]
 [0.728  0.8823 1.     ... 0.846  0.864  0.7075]
 ...
 [0.753  0.9326 0.846  ... 0.9995 0.869  0.6895]
 [0.7686 0.8823 0.864  ... 0.869  0.999  0.688 ]
 [0.6445 0.7305 0.7075 ... 0.6895 0.688  0.9995]]
Chunks:   0%|          | 0/2 [00:00<?, ?it/s]Chunks:  50%|█████     | 1/2 [00:04<00:04,  4.11s/it]Chunks: 100%|██████████| 2/2 [00:04<00:00,  1.91s/it]Chunks: 100%|██████████| 2/2 [00:04<00:00,  2.24s/it]
Chunks:   0%|          | 0/2 [00:00<?, ?it/s]Chunks:  50%|█████     | 1/2 [00:04<00:04,  4.06s/it]Chunks: 100%|██████████| 2/2 [00:04<00:00,  1.97s/it]Chunks: 100%|██████████| 2/2 [00:04<00:00,  2.29s/it]
[[1.001  0.8555 0.73   ... 0.8467 0.7915 0.759 ]
 [0.8555 1.001  0.7964 ... 0.974  0.833  0.7305]
 [0.73   0.7964 1.     ... 0.802  0.7217 0.6807]
 ...
 [0.8467 0.974  0.802  ... 1.     0.831  0.7573]
 [0.7915 0.833  0.7217 ... 0.831  0.9995 0.7227]
 [0.759  0.7305 0.6807 ... 0.7573 0.7227 1.    ]]
Chunks:   0%|          | 0/2 [00:00<?, ?it/s]Chunks:  50%|█████     | 1/2 [00:04<00:04,  4.16s/it]Chunks: 100%|██████████| 2/2 [00:04<00:00,  2.12s/it]
Chunks:   0%|          | 0/2 [00:00<?, ?it/s]Chunks:  50%|█████     | 1/2 [00:04<00:04,  4.13s/it]Chunks: 100%|██████████| 2/2 [00:04<00:00,  1.78s/it]Chunks: 100%|██████████| 2/2 [00:04<00:00,  2.13s/it]
[[0.9995 0.758  0.7896 ... 0.784  0.743  0.586 ]
 [0.758  1.     0.835  ... 0.7354 0.771  0.687 ]
 [0.7896 0.835  0.9995 ... 0.766  0.7607 0.694 ]
 ...
 [0.784  0.7354 0.766  ... 0.999  0.7603 0.5796]
 [0.743  0.771  0.7607 ... 0.7603 1.     0.596 ]
 [0.586  0.687  0.694  ... 0.5796 0.596  0.9995]]
Chunks:   0%|          | 0/2 [00:00<?, ?it/s]Chunks:  50%|█████     | 1/2 [00:04<00:04,  4.23s/it]Chunks: 100%|██████████| 2/2 [00:04<00:00,  1.94s/it]Chunks: 100%|██████████| 2/2 [00:04<00:00,  2.29s/it]
Chunks:   0%|          | 0/2 [00:00<?, ?it/s]Chunks:  50%|█████     | 1/2 [00:04<00:04,  4.25s/it]Chunks: 100%|██████████| 2/2 [00:04<00:00,  1.94s/it]Chunks: 100%|██████████| 2/2 [00:04<00:00,  2.29s/it]
[[1.     0.6587 0.6055 ... 0.5796 0.8403 0.621 ]
 [0.6587 0.9995 0.6294 ... 0.6143 0.7188 0.6763]
 [0.6055 0.6294 0.9995 ... 0.7646 0.721  0.708 ]
 ...
 [0.5796 0.6143 0.7646 ... 1.     0.667  0.667 ]
 [0.8403 0.7188 0.721  ... 0.667  0.9995 0.7583]
 [0.621  0.6763 0.708  ... 0.667  0.7583 0.9995]]
Chunks:   0%|          | 0/2 [00:00<?, ?it/s]Chunks:  50%|█████     | 1/2 [00:03<00:03,  3.39s/it]Chunks: 100%|██████████| 2/2 [00:04<00:00,  2.09s/it]Chunks: 100%|██████████| 2/2 [00:04<00:00,  2.28s/it]
Chunks:   0%|          | 0/2 [00:00<?, ?it/s]Chunks:  50%|█████     | 1/2 [00:03<00:03,  3.38s/it]Chunks: 100%|██████████| 2/2 [00:04<00:00,  2.10s/it]Chunks: 100%|██████████| 2/2 [00:04<00:00,  2.29s/it]
[[0.9995 0.8325 0.856  ... 0.746  0.636  0.835 ]
 [0.8325 1.     0.837  ... 0.791  0.706  0.842 ]
 [0.856  0.837  0.9995 ... 0.79   0.709  0.8325]
 ...
 [0.746  0.791  0.79   ... 1.001  0.666  0.8315]
 [0.636  0.706  0.709  ... 0.666  0.9995 0.6924]
 [0.835  0.842  0.8325 ... 0.8315 0.6924 0.9995]]
Chunks:   0%|          | 0/2 [00:00<?, ?it/s]Chunks:  50%|█████     | 1/2 [00:03<00:03,  3.45s/it]Chunks: 100%|██████████| 2/2 [00:04<00:00,  2.05s/it]Chunks: 100%|██████████| 2/2 [00:04<00:00,  2.26s/it]
Chunks:   0%|          | 0/2 [00:00<?, ?it/s]Chunks:  50%|█████     | 1/2 [00:03<00:03,  3.41s/it]Chunks: 100%|██████████| 2/2 [00:04<00:00,  2.10s/it]Chunks: 100%|██████████| 2/2 [00:04<00:00,  2.30s/it]
[[1.     0.6606 0.9297 ... 0.741  0.89   0.87  ]
 [0.6606 0.9995 0.66   ... 0.692  0.664  0.668 ]
 [0.9297 0.66   1.     ... 0.7524 0.8765 0.8457]
 ...
 [0.741  0.692  0.7524 ... 1.001  0.777  0.8276]
 [0.89   0.664  0.8765 ... 0.777  1.     0.848 ]
 [0.87   0.668  0.8457 ... 0.8276 0.848  1.    ]]
Chunks:   0%|          | 0/2 [00:00<?, ?it/s]Chunks:  50%|█████     | 1/2 [00:04<00:04,  4.56s/it]Chunks: 100%|██████████| 2/2 [00:04<00:00,  2.29s/it]
Chunks:   0%|          | 0/2 [00:00<?, ?it/s]Chunks:  50%|█████     | 1/2 [00:04<00:04,  4.53s/it]Chunks: 100%|██████████| 2/2 [00:04<00:00,  2.29s/it]
[[1.     0.773  0.7793 ... 0.7114 0.7114 0.839 ]
 [0.773  1.     0.7773 ... 0.6846 0.644  0.807 ]
 [0.7793 0.7773 1.     ... 0.8843 0.718  0.7783]
 ...
 [0.7114 0.6846 0.8843 ... 1.     0.757  0.7007]
 [0.7114 0.644  0.718  ... 0.757  1.     0.673 ]
 [0.839  0.807  0.7783 ... 0.7007 0.673  0.9995]]
Chunks:   0%|          | 0/2 [00:00<?, ?it/s]Chunks:  50%|█████     | 1/2 [00:04<00:04,  4.22s/it]Chunks: 100%|██████████| 2/2 [00:04<00:00,  1.92s/it]Chunks: 100%|██████████| 2/2 [00:04<00:00,  2.27s/it]
Chunks:   0%|          | 0/2 [00:00<?, ?it/s]Chunks:  50%|█████     | 1/2 [00:04<00:04,  4.20s/it]Chunks: 100%|██████████| 2/2 [00:04<00:00,  1.97s/it]Chunks: 100%|██████████| 2/2 [00:04<00:00,  2.30s/it]
[[1.     0.7144 0.851  ... 0.727  0.863  0.724 ]
 [0.7144 1.     0.771  ... 0.7866 0.807  0.6885]
 [0.851  0.771  0.9995 ... 0.7114 0.977  0.6826]
 ...
 [0.727  0.7866 0.7114 ... 1.001  0.7354 0.772 ]
 [0.863  0.807  0.977  ... 0.7354 1.     0.7026]
 [0.724  0.6885 0.6826 ... 0.772  0.7026 0.9995]]
Chunks:   0%|          | 0/2 [00:00<?, ?it/s]Chunks:  50%|█████     | 1/2 [00:03<00:03,  3.40s/it]Chunks: 100%|██████████| 2/2 [00:04<00:00,  2.11s/it]Chunks: 100%|██████████| 2/2 [00:04<00:00,  2.30s/it]
Chunks:   0%|          | 0/2 [00:00<?, ?it/s]Chunks:  50%|█████     | 1/2 [00:03<00:03,  3.40s/it]Chunks: 100%|██████████| 2/2 [00:04<00:00,  2.11s/it]Chunks: 100%|██████████| 2/2 [00:04<00:00,  2.30s/it]
[[1.     0.7036 0.7446 ... 0.7524 0.6714 0.6562]
 [0.7036 0.9995 0.7783 ... 0.8716 0.706  0.7227]
 [0.7446 0.7783 0.9995 ... 0.8394 0.738  0.7437]
 ...
 [0.7524 0.8716 0.8394 ... 1.001  0.749  0.784 ]
 [0.6714 0.706  0.738  ... 0.749  0.9995 0.7363]
 [0.6562 0.7227 0.7437 ... 0.784  0.7363 1.    ]]
/home/ziyueU/miniconda3/lib/python3.12/multiprocessing/resource_tracker.py:254: UserWarning: resource_tracker: There appear to be 2 leaked semaphore objects to clean up at shutdown
  warnings.warn('resource_tracker: There appear to be %d '
nohup: ignoring input
initial target device:   0%|          | 0/2 [00:00<?, ?it/s]initial target device:  50%|█████     | 1/2 [00:03<00:03,  3.13s/it]initial target device: 100%|██████████| 2/2 [00:06<00:00,  3.13s/it]initial target device: 100%|██████████| 2/2 [00:06<00:00,  3.13s/it]
Chunks:   0%|          | 0/2 [00:00<?, ?it/s]You're using a BertTokenizerFast tokenizer. Please note that with a fast tokenizer, using the `__call__` method is faster than using a method to encode the text followed by a call to the `pad` method to get a padded encoding.
You're using a BertTokenizerFast tokenizer. Please note that with a fast tokenizer, using the `__call__` method is faster than using a method to encode the text followed by a call to the `pad` method to get a padded encoding.
Chunks:  50%|█████     | 1/2 [00:04<00:04,  4.58s/it]Chunks: 100%|██████████| 2/2 [00:05<00:00,  2.64s/it]Chunks: 100%|██████████| 2/2 [00:05<00:00,  2.94s/it]
Chunks:   0%|          | 0/2 [00:00<?, ?it/s]Chunks:  50%|█████     | 1/2 [00:03<00:03,  3.21s/it]Chunks: 100%|██████████| 2/2 [00:04<00:00,  2.08s/it]Chunks: 100%|██████████| 2/2 [00:04<00:00,  2.25s/it]
[[0.9995 0.7163 0.7065 ... 0.805  0.753  0.8647]
 [0.7163 1.     0.7373 ... 0.773  0.6924 0.796 ]
 [0.7065 0.7373 1.     ... 0.6963 0.707  0.713 ]
 ...
 [0.805  0.773  0.6963 ... 1.     0.7173 0.8696]
 [0.753  0.6924 0.707  ... 0.7173 0.9995 0.741 ]
 [0.8647 0.796  0.713  ... 0.8696 0.741  0.9995]]
Chunks:   0%|          | 0/2 [00:00<?, ?it/s]Chunks:  50%|█████     | 1/2 [00:04<00:04,  4.51s/it]Chunks: 100%|██████████| 2/2 [00:04<00:00,  2.29s/it]
Chunks:   0%|          | 0/2 [00:00<?, ?it/s]Chunks:  50%|█████     | 1/2 [00:04<00:04,  4.52s/it]Chunks: 100%|██████████| 2/2 [00:04<00:00,  2.28s/it]
[[1.     0.775  0.728  ... 0.753  0.7686 0.6445]
 [0.775  1.     0.8823 ... 0.9326 0.8823 0.7305]
 [0.728  0.8823 1.     ... 0.846  0.864  0.7075]
 ...
 [0.753  0.9326 0.846  ... 0.9995 0.869  0.6895]
 [0.7686 0.8823 0.864  ... 0.869  0.999  0.688 ]
 [0.6445 0.7305 0.7075 ... 0.6895 0.688  0.9995]]
Chunks:   0%|          | 0/2 [00:00<?, ?it/s]Chunks:  50%|█████     | 1/2 [00:04<00:04,  4.14s/it]Chunks: 100%|██████████| 2/2 [00:04<00:00,  1.93s/it]Chunks: 100%|██████████| 2/2 [00:04<00:00,  2.26s/it]
Chunks:   0%|          | 0/2 [00:00<?, ?it/s]Chunks:  50%|█████     | 1/2 [00:04<00:04,  4.13s/it]Chunks: 100%|██████████| 2/2 [00:04<00:00,  1.96s/it]Chunks: 100%|██████████| 2/2 [00:04<00:00,  2.28s/it]
[[1.001  0.8555 0.73   ... 0.8467 0.7915 0.759 ]
 [0.8555 1.001  0.7964 ... 0.974  0.833  0.7305]
 [0.73   0.7964 1.     ... 0.802  0.7217 0.6807]
 ...
 [0.8467 0.974  0.802  ... 1.     0.831  0.7573]
 [0.7915 0.833  0.7217 ... 0.831  0.9995 0.7227]
 [0.759  0.7305 0.6807 ... 0.7573 0.7227 1.    ]]
Chunks:   0%|          | 0/2 [00:00<?, ?it/s]Chunks:  50%|█████     | 1/2 [00:04<00:04,  4.19s/it]Chunks: 100%|██████████| 2/2 [00:04<00:00,  1.79s/it]Chunks: 100%|██████████| 2/2 [00:04<00:00,  2.15s/it]
Chunks:   0%|          | 0/2 [00:00<?, ?it/s]Chunks:  50%|█████     | 1/2 [00:04<00:04,  4.19s/it]Chunks: 100%|██████████| 2/2 [00:04<00:00,  2.14s/it]
[[0.9995 0.758  0.7896 ... 0.784  0.743  0.586 ]
 [0.758  1.     0.835  ... 0.7354 0.771  0.687 ]
 [0.7896 0.835  0.9995 ... 0.766  0.7607 0.694 ]
 ...
 [0.784  0.7354 0.766  ... 0.999  0.7603 0.5796]
 [0.743  0.771  0.7607 ... 0.7603 1.     0.596 ]
 [0.586  0.687  0.694  ... 0.5796 0.596  0.9995]]
Chunks:   0%|          | 0/2 [00:00<?, ?it/s]Chunks:  50%|█████     | 1/2 [00:04<00:04,  4.26s/it]Chunks: 100%|██████████| 2/2 [00:04<00:00,  1.94s/it]Chunks: 100%|██████████| 2/2 [00:04<00:00,  2.29s/it]
Chunks:   0%|          | 0/2 [00:00<?, ?it/s]Chunks:  50%|█████     | 1/2 [00:04<00:04,  4.25s/it]Chunks: 100%|██████████| 2/2 [00:04<00:00,  1.95s/it]Chunks: 100%|██████████| 2/2 [00:04<00:00,  2.30s/it]
[[1.     0.6587 0.6055 ... 0.5796 0.8403 0.621 ]
 [0.6587 0.9995 0.6294 ... 0.6143 0.7188 0.6763]
 [0.6055 0.6294 0.9995 ... 0.7646 0.721  0.708 ]
 ...
 [0.5796 0.6143 0.7646 ... 1.     0.667  0.667 ]
 [0.8403 0.7188 0.721  ... 0.667  0.9995 0.7583]
 [0.621  0.6763 0.708  ... 0.667  0.7583 0.9995]]
Chunks:   0%|          | 0/2 [00:00<?, ?it/s]Chunks:  50%|█████     | 1/2 [00:03<00:03,  3.42s/it]Chunks: 100%|██████████| 2/2 [00:04<00:00,  2.10s/it]Chunks: 100%|██████████| 2/2 [00:04<00:00,  2.29s/it]
Chunks:   0%|          | 0/2 [00:00<?, ?it/s]Chunks:  50%|█████     | 1/2 [00:03<00:03,  3.41s/it]Chunks: 100%|██████████| 2/2 [00:04<00:00,  2.09s/it]Chunks: 100%|██████████| 2/2 [00:04<00:00,  2.29s/it]
[[0.9995 0.8325 0.856  ... 0.746  0.636  0.835 ]
 [0.8325 1.     0.837  ... 0.791  0.706  0.842 ]
 [0.856  0.837  0.9995 ... 0.79   0.709  0.8325]
 ...
 [0.746  0.791  0.79   ... 1.001  0.666  0.8315]
 [0.636  0.706  0.709  ... 0.666  0.9995 0.6924]
 [0.835  0.842  0.8325 ... 0.8315 0.6924 0.9995]]
Chunks:   0%|          | 0/2 [00:00<?, ?it/s]Chunks:  50%|█████     | 1/2 [00:03<00:03,  3.48s/it]Chunks: 100%|██████████| 2/2 [00:04<00:00,  2.06s/it]Chunks: 100%|██████████| 2/2 [00:04<00:00,  2.27s/it]
Chunks:   0%|          | 0/2 [00:00<?, ?it/s]Chunks:  50%|█████     | 1/2 [00:03<00:03,  3.42s/it]Chunks: 100%|██████████| 2/2 [00:04<00:00,  2.11s/it]Chunks: 100%|██████████| 2/2 [00:04<00:00,  2.30s/it]
[[1.     0.6606 0.9297 ... 0.741  0.89   0.87  ]
 [0.6606 0.9995 0.66   ... 0.692  0.664  0.668 ]
 [0.9297 0.66   1.     ... 0.7524 0.8765 0.8457]
 ...
 [0.741  0.692  0.7524 ... 1.001  0.777  0.8276]
 [0.89   0.664  0.8765 ... 0.777  1.     0.848 ]
 [0.87   0.668  0.8457 ... 0.8276 0.848  1.    ]]
Chunks:   0%|          | 0/2 [00:00<?, ?it/s]Chunks:  50%|█████     | 1/2 [00:04<00:04,  4.57s/it]Chunks: 100%|██████████| 2/2 [00:04<00:00,  2.30s/it]
Chunks:   0%|          | 0/2 [00:00<?, ?it/s]Chunks:  50%|█████     | 1/2 [00:04<00:04,  4.55s/it]Chunks: 100%|██████████| 2/2 [00:04<00:00,  2.30s/it]
[[1.     0.773  0.7793 ... 0.7114 0.7114 0.839 ]
 [0.773  1.     0.7773 ... 0.6846 0.644  0.807 ]
 [0.7793 0.7773 1.     ... 0.8843 0.718  0.7783]
 ...
 [0.7114 0.6846 0.8843 ... 1.     0.757  0.7007]
 [0.7114 0.644  0.718  ... 0.757  1.     0.673 ]
 [0.839  0.807  0.7783 ... 0.7007 0.673  0.9995]]
Chunks:   0%|          | 0/2 [00:00<?, ?it/s]Chunks:  50%|█████     | 1/2 [00:04<00:04,  4.27s/it]Chunks: 100%|██████████| 2/2 [00:04<00:00,  1.93s/it]Chunks: 100%|██████████| 2/2 [00:04<00:00,  2.28s/it]
Chunks:   0%|          | 0/2 [00:00<?, ?it/s]Chunks:  50%|█████     | 1/2 [00:04<00:04,  4.22s/it]Chunks: 100%|██████████| 2/2 [00:04<00:00,  1.98s/it]Chunks: 100%|██████████| 2/2 [00:04<00:00,  2.31s/it]
[[1.     0.7144 0.851  ... 0.727  0.863  0.724 ]
 [0.7144 1.     0.771  ... 0.7866 0.807  0.6885]
 [0.851  0.771  0.9995 ... 0.7114 0.977  0.6826]
 ...
 [0.727  0.7866 0.7114 ... 1.001  0.7354 0.772 ]
 [0.863  0.807  0.977  ... 0.7354 1.     0.7026]
 [0.724  0.6885 0.6826 ... 0.772  0.7026 0.9995]]
Chunks:   0%|          | 0/2 [00:00<?, ?it/s]Chunks:  50%|█████     | 1/2 [00:03<00:03,  3.42s/it]Chunks: 100%|██████████| 2/2 [00:04<00:00,  2.13s/it]Chunks: 100%|██████████| 2/2 [00:04<00:00,  2.32s/it]
Chunks:   0%|          | 0/2 [00:00<?, ?it/s]Chunks:  50%|█████     | 1/2 [00:03<00:03,  3.44s/it]Chunks: 100%|██████████| 2/2 [00:04<00:00,  2.10s/it]Chunks: 100%|██████████| 2/2 [00:04<00:00,  2.30s/it]
[[1.     0.7036 0.7446 ... 0.7524 0.6714 0.6562]
 [0.7036 0.9995 0.7783 ... 0.8716 0.706  0.7227]
 [0.7446 0.7783 0.9995 ... 0.8394 0.738  0.7437]
 ...
 [0.7524 0.8716 0.8394 ... 1.001  0.749  0.784 ]
 [0.6714 0.706  0.738  ... 0.749  0.9995 0.7363]
 [0.6562 0.7227 0.7437 ... 0.784  0.7363 1.    ]]
/home/ziyueU/miniconda3/lib/python3.12/multiprocessing/resource_tracker.py:254: UserWarning: resource_tracker: There appear to be 2 leaked semaphore objects to clean up at shutdown
  warnings.warn('resource_tracker: There appear to be %d '
nohup: ignoring input
initial target device:   0%|          | 0/2 [00:00<?, ?it/s]initial target device:  50%|█████     | 1/2 [00:03<00:03,  3.12s/it]initial target device: 100%|██████████| 2/2 [00:06<00:00,  3.12s/it]initial target device: 100%|██████████| 2/2 [00:06<00:00,  3.12s/it]
Chunks:   0%|          | 0/2 [00:00<?, ?it/s]You're using a BertTokenizerFast tokenizer. Please note that with a fast tokenizer, using the `__call__` method is faster than using a method to encode the text followed by a call to the `pad` method to get a padded encoding.
You're using a BertTokenizerFast tokenizer. Please note that with a fast tokenizer, using the `__call__` method is faster than using a method to encode the text followed by a call to the `pad` method to get a padded encoding.
Chunks:  50%|█████     | 1/2 [00:04<00:04,  4.46s/it]Chunks: 100%|██████████| 2/2 [00:05<00:00,  2.60s/it]Chunks: 100%|██████████| 2/2 [00:05<00:00,  2.88s/it]
Chunks:   0%|          | 0/2 [00:00<?, ?it/s]Chunks:  50%|█████     | 1/2 [00:03<00:03,  3.20s/it]Chunks: 100%|██████████| 2/2 [00:04<00:00,  2.08s/it]Chunks: 100%|██████████| 2/2 [00:04<00:00,  2.24s/it]
[[0.9995 0.7163 0.7065 ... 0.805  0.753  0.8647]
 [0.7163 1.     0.7373 ... 0.773  0.6924 0.796 ]
 [0.7065 0.7373 1.     ... 0.6963 0.707  0.713 ]
 ...
 [0.805  0.773  0.6963 ... 1.     0.7173 0.8696]
 [0.753  0.6924 0.707  ... 0.7173 0.9995 0.741 ]
 [0.8647 0.796  0.713  ... 0.8696 0.741  0.9995]]
Chunks:   0%|          | 0/2 [00:00<?, ?it/s]Chunks:  50%|█████     | 1/2 [00:04<00:04,  4.49s/it]Chunks: 100%|██████████| 2/2 [00:04<00:00,  2.27s/it]
Chunks:   0%|          | 0/2 [00:00<?, ?it/s]Chunks:  50%|█████     | 1/2 [00:04<00:04,  4.49s/it]Chunks: 100%|██████████| 2/2 [00:04<00:00,  2.29s/it]
[[1.     0.775  0.728  ... 0.753  0.7686 0.6445]
 [0.775  1.     0.8823 ... 0.9326 0.8823 0.7305]
 [0.728  0.8823 1.     ... 0.846  0.864  0.7075]
 ...
 [0.753  0.9326 0.846  ... 0.9995 0.869  0.6895]
 [0.7686 0.8823 0.864  ... 0.869  0.999  0.688 ]
 [0.6445 0.7305 0.7075 ... 0.6895 0.688  0.9995]]
Chunks:   0%|          | 0/2 [00:00<?, ?it/s]Chunks:  50%|█████     | 1/2 [00:04<00:04,  4.11s/it]Chunks: 100%|██████████| 2/2 [00:04<00:00,  1.92s/it]Chunks: 100%|██████████| 2/2 [00:04<00:00,  2.25s/it]
Chunks:   0%|          | 0/2 [00:00<?, ?it/s]Chunks:  50%|█████     | 1/2 [00:04<00:04,  4.10s/it]Chunks: 100%|██████████| 2/2 [00:04<00:00,  1.96s/it]Chunks: 100%|██████████| 2/2 [00:04<00:00,  2.28s/it]
[[1.001  0.8555 0.73   ... 0.8467 0.7915 0.759 ]
 [0.8555 1.001  0.7964 ... 0.974  0.833  0.7305]
 [0.73   0.7964 1.     ... 0.802  0.7217 0.6807]
 ...
 [0.8467 0.974  0.802  ... 1.     0.831  0.7573]
 [0.7915 0.833  0.7217 ... 0.831  0.9995 0.7227]
 [0.759  0.7305 0.6807 ... 0.7573 0.7227 1.    ]]
Chunks:   0%|          | 0/2 [00:00<?, ?it/s]Chunks:  50%|█████     | 1/2 [00:04<00:04,  4.16s/it]Chunks: 100%|██████████| 2/2 [00:04<00:00,  1.78s/it]Chunks: 100%|██████████| 2/2 [00:04<00:00,  2.14s/it]
Chunks:   0%|          | 0/2 [00:00<?, ?it/s]Chunks:  50%|█████     | 1/2 [00:04<00:04,  4.14s/it]Chunks: 100%|██████████| 2/2 [00:04<00:00,  1.77s/it]Chunks: 100%|██████████| 2/2 [00:04<00:00,  2.13s/it]
[[0.9995 0.758  0.7896 ... 0.784  0.743  0.586 ]
 [0.758  1.     0.835  ... 0.7354 0.771  0.687 ]
 [0.7896 0.835  0.9995 ... 0.766  0.7607 0.694 ]
 ...
 [0.784  0.7354 0.766  ... 0.999  0.7603 0.5796]
 [0.743  0.771  0.7607 ... 0.7603 1.     0.596 ]
 [0.586  0.687  0.694  ... 0.5796 0.596  0.9995]]
Chunks:   0%|          | 0/2 [00:00<?, ?it/s]Chunks:  50%|█████     | 1/2 [00:04<00:04,  4.26s/it]Chunks: 100%|██████████| 2/2 [00:04<00:00,  1.94s/it]Chunks: 100%|██████████| 2/2 [00:04<00:00,  2.29s/it]
Chunks:   0%|          | 0/2 [00:00<?, ?it/s]Chunks:  50%|█████     | 1/2 [00:04<00:04,  4.25s/it]Chunks: 100%|██████████| 2/2 [00:04<00:00,  1.93s/it]Chunks: 100%|██████████| 2/2 [00:04<00:00,  2.28s/it]
[[1.     0.6587 0.6055 ... 0.5796 0.8403 0.621 ]
 [0.6587 0.9995 0.6294 ... 0.6143 0.7188 0.6763]
 [0.6055 0.6294 0.9995 ... 0.7646 0.721  0.708 ]
 ...
 [0.5796 0.6143 0.7646 ... 1.     0.667  0.667 ]
 [0.8403 0.7188 0.721  ... 0.667  0.9995 0.7583]
 [0.621  0.6763 0.708  ... 0.667  0.7583 0.9995]]
Chunks:   0%|          | 0/2 [00:00<?, ?it/s]Chunks:  50%|█████     | 1/2 [00:03<00:03,  3.40s/it]Chunks: 100%|██████████| 2/2 [00:04<00:00,  2.10s/it]Chunks: 100%|██████████| 2/2 [00:04<00:00,  2.30s/it]
